  0.99755959009261719        7.8477897826160206     
  0.56682470761127335        12.858942147017835     
  0.96591537549612494        11.706324220403081     
  0.74792768547143218        5.7190062450738903     
  0.36739089737475572        3.6180885475883091     
  0.48063689875473148        93.871977712400295     
   7.3754263633984518E-002  -1.6602430843605154     
   5.3552292777272470E-003  -7.1860608348922739     
  0.34708128851801545       -18.253111460114106     
  0.34224381607283505        5.4280490790622373     
  0.21795172633847260        2.5488428486240182     
  0.13316041001365930       0.75758638723572358     
  0.90052451442189241        9.1725073235863075     
  0.38676601045740355        2.2867136387118818     
  0.44548228938784806        3.9267987188138656     
  0.66193218089584283        6.1510342940355827     
   1.6108300430559330E-002  -5.2974902407920705     
  0.65085483610391681        6.2790626304798032     
  0.64640882548382539        27.797947061575400     
  0.32298729094055578        46.920564621992341     
  0.85569240288533133        13.564238250337695     
  0.40128691936381389        3.2581934759982172     
  0.20687432921875692       -3.0242867008100296     
  0.96853946421659987        10.194762933023213     
  0.59839953431813464        173.12920814842568     
  0.67298073277626325        5.3164150495965448     
  0.45688231067296203        1.5589939302433971     
  0.33001512357337470        3.3112261877368052     
  0.10038292650217728       0.37276364587192967     
  0.75545330475972683        4.5781764261418800     
  0.60569326698023185        6.2158317195771264     
  0.71904791340845298        3.8595544369302579     
  0.89733460388652986        13.145730463893759     
  0.65822912048110771        12.367879989516549     
  0.15071683713010464       0.78238295576690398     
  0.61231490499670005        5.9763560475032129     
  0.97866023813214653        9.2782984545107929     
  0.99914226942680318        11.616692739952867     
  0.25679798618316030        1.2063934978319728     
  0.55086540315522059        4.8744376908471514     
  0.65904751789363791        6.8391151581512855     
  0.55400513539681562        3.6786845819534539     
  0.97776009860945046        10.801108314865292     
  0.90192330446045499        15.203564775675243     
  0.65792468442021090        19.646234601501835     
  0.72885850839956368        7.3799946120204032     
  0.40245526506327511       -2.5807188208820024     
  0.92862766315403733        9.9189669376422227     
  0.14783519004389145       -1.4338494571640925     
  0.67452929906378811       0.32370925276608009     
  0.76961430927589625        17.265086752489054     
  0.33932255214578511        3.2108211316808815     
  0.11581885494899313        1.8144968299598856     
  0.61436918436151444        4.1954074325201365     
  0.82061713946583192        8.6419679353670169     
  0.94709465592406572        10.857074567104620     
  0.73112865185355502        6.6931771800697106     
  0.49760390646303887       0.98908678864484534     
  0.37480174078720052       -6.4943056725163091     
  0.42150585600453350        3.0866282777140501     
  0.55290303825578491        5.6211459810271069     
  0.99791927917810419        11.845304678667297     
  0.99039474804151328        13.298049417914427     
  0.74630965530730953        7.9228442201945324     
  0.95375906174797886        9.2065339146208203     
   9.3274690333437715E-002  -1.1807234256535648     
  0.73402368711584287        7.5736340773228301     
  0.75176161592562596        10.336137631520726     
  0.94684850567599865       -108.87500561615458     
  0.70617636325115329        6.4828268813905190     
  0.81380966648249919        11.976232137930827     
  0.55859451959655482        4.5991880900855078     
   6.1705576875077828E-002  -1.8077665137313761     
  0.48038078018536035        1.9566140261073173E-002
  0.59768977219632924        7.8962899955887096     
  0.13753191883633586       -10.992785762305756     
  0.58739520040668203        4.2253189213721578     
  0.51996826291639975        5.5991510106501980     
  0.88587834481295791        7.6352741078320578     
  0.30381017199048876        3.0723342371715607     
  0.66965730397225831        26.253565802796235     
  0.66494009152976974        6.4230803422640941     
  0.50367689939794036        3.7008112055789573     
  0.26157512041192688       -4.2013162430642890     
   7.6559501510817363E-002  -3.1050521240403071     
  0.10124966279442871       -1.0400039341704890     
  0.54926573972185189        4.5967620911265659     
  0.37558494749081928        2.8303334461156195     
   1.5149502579022811E-002  -3.2997145437867426     
  0.79291544607443887        8.8004009173358249     
  0.62087754490155123        6.1906388053379402     
  0.77360357742855124        8.0289419237956032     
  0.95358076098624234        10.045426879351867     
  0.11424437213389738       -3.0267133587516213     
  0.31846264287556358        2.5389144908699208     
  0.59681984622356055        5.5379933589038561     
   4.8152902605581582E-002  -1.0184737160015385     
  0.11420577802735099       -1.6180678498204693     
  0.21596491917612204      -0.72614617279048810     
  0.10057339249283215       -4.1561262102857892     
   7.3341802499939046E-002  -1.4463871228177800     
  0.24686173972768777       -29.739685958434620     
  0.44338426679628284        5.6284656050723045     
  0.20836757325445998       0.93892332505881582     
  0.56699834273482563        15.123540286970254     
   2.4312399696516884E-002  -3.8302728444621548     
  0.42029057707121675       0.54296649393354102     
  0.39785302411698320        1.6699708964350459     
  0.97658542549208804        9.3636026543399833     
  0.69260503299283205        11.862672259257891     
   4.9433674867773725E-003 -0.79309350638110687     
  0.12992103244518394       0.27105205757513473     
   4.6777259635279567E-002  -1.1650616303071490     
  0.83977774128477078        9.9551157185368080     
  0.67848882221136964        9.3453729624332755     
  0.58195081677487048        4.8335665629517184     
  0.73352591945677192        8.3754718825290055     
  0.11604274466947473       -3.8652945603061766     
  0.84029965462754874        10.524839374446177     
  0.83499597354277089        8.6503972673015692     
  0.74653639628861923        7.0590139352735877     
  0.84320089306830781        8.5349478519194122     
  0.52883900143506579        5.1018208997003871     
  0.66548466648134053        1.2956020493677469     
  0.73073656923923014        6.0963254240880431     
  0.41060426364923064        4.3472115508449773     
  0.35572159616464394        2.5516724433752818     
  0.73537704232801759        5.4602013413565871     
  0.47131766482510162        4.1668821949359245     
  0.46262543434864301       -8.1141813931060369     
  0.75969170719580648        7.3321367744657646     
  0.70245941926540956        8.3767558851382411     
  0.25796580848467476       0.71628797605864247     
  0.93770503255447402        10.267036248218989     
  0.45610358400494255        4.7125942018828688     
  0.80848929700679206        8.9736369469607453     
  0.90884805298886595        9.8497671120613184     
  0.69487666332351417        7.7538865774973740     
  0.21948850629231953      -0.23903136415003590     
  0.85495455592280267        6.9714677569566295     
  0.74439668968351191        7.4482031485078899     
  0.30111306127051751        2.2318840127465336     
  0.67196854529839967        9.6298270311527236     
  0.61871403637838596        529.45739397082889     
  0.96757361140280096        14.899570139318435     
  0.99023930277404704        11.525786962313518     
  0.33800651694497952       0.92882924488298180     
  0.92076724758821304        9.6085516874871892     
  0.33907333995714273       -1.0791914635180433     
  0.93094353006629205        10.815462055997203     
  0.54652855097965125        6.0462153159036633     
  0.46551258932179418       0.84571928394186768     
  0.17691409587189699       -4.1039657764729629     
  0.37799409750057189        1.6795690703176114     
  0.17522062282276818       -5.7296759188399475     
  0.35685826750122240        1.9185014107099461     
  0.66567642509067582        7.6333039821261668     
  0.61854926807302268        6.4783166489221236     
  0.46894724377953312        4.5922451789763068     
  0.31625186102213165       -1.1529610748370542     
  0.26887990869028244      -0.30258481055922082     
  0.19992124382480747       0.17159535838596796     
  0.41542797632131678        3.6941888486231060     
  0.97930291333472508        9.4803836188204755     
  0.54321158887685339        6.5165806626476677     
  0.12951827527450377       -2.9970249698070748     
  0.80474166378966150        7.9743240465750933     
  0.84582102449676655        7.2897222791983971     
  0.70903283748653079        6.3151455175190314     
  0.52897326049159721        417.88341394556130     
  0.66384086768203987        6.5492399478202055     
  0.90073925776853447        9.3081448746911502     
  0.94116426742783788        19.074711554684029     
  0.11442026313309206       -7.4964619355949669     
  0.86666758999720894        9.3584764825569824     
  0.63236807371511339        9.7240467775779074     
  0.24278772455665076      -0.20592523165789722     
  0.16039578101235274        3.5725529784057684     
   2.1235654146656291E-002  -1.7876780441977183     
  0.19025399343698501       0.26452148602057074     
  0.31234012944478151        1.4507542530841167     
  0.80964756630997881        14.829204332772150     
  0.57371848999622033        4.9867843686004809     
  0.82626067120067692        9.8119071766261214     
  0.28645487362110233       -7.7457167896617349     
  0.16051477590743735        39.010466587032653     
  0.33092411420103873       -10.744358970636888     
  0.26585337201891401       -9.3878539407639803     
  0.54478112801098799        4.2141666146250181     
  0.55352031631541954        6.1871107463873090     
   2.1614836153446060E-002  -2.5176353643104608     
  0.14874805903242705       -1.2242749784831282     
  0.10490337623179569      -0.86163684153228459     
  0.61421376650372139        7.1351196141371247     
  0.40629098156698340        3.5688103249847032     
  0.90152828633541859        9.7831466685432584     
  0.94283810001655211       -13.454406385318133     
  0.15661985514882326      -0.57588577119089357     
  0.93695937974449572        9.7523931252621896     
  0.13547297151497073        1.5102764031089151     
  0.37128218328083973        1.8956205896719287     
  0.32151122508982266        3.1052141071131230     
  0.71496424554749416       -7.9881925134067444E-002
  0.72970777749597449        9.3359976318182056     
  0.37859278749819714       0.77986579061087946     
  0.82893440727473799        11.551444526383074     
  0.95366437567057416        10.513222176170091     
  0.30841925408176285      -0.27809325098766369     
  0.57974061955066225        5.5768085244062586     
  0.23344887203925391       0.64138577753230064     
  0.84440346807288702        12.082271117632983     
  0.25813246726039452        3.1708950035625572     
  0.83974363537635321        10.298002630158029     
  0.53765627572075159        4.7290161159576076     
  0.62157037714013708        6.0223376991595066     
  0.49082471912122072        3.0080882219315308     
  0.28484238546586371        10.052125521688561     
  0.23555918228326755        51.351595947536197     
  0.65137992588976190        7.8409083859862223     
  0.60717034037043316        9.2038429233044443     
  0.39814585125055424        3.9615593340833213     
  0.84879469173554500        8.7127400248077400     
  0.63761698397514177        7.2909319946597266     
  0.25882333613581965       0.23591195351969452     
  0.35883098854533857        2.9203479916973341     
  0.56183011213440359        5.1661424654756667     
  0.12146850951048715       -10.697745042104733     
  0.97846938641553327        10.696791408912581     
  0.38320635784693702        2.0115117764589394     
  0.72069875798380134        8.3997117918483593     
  0.35826402460225337        1.7156216375633011     
  0.90988157209881615        8.8752046568638949     
  0.54368723182548950        5.5897222977259693     
  0.95967539698964677        19.776205293404054     
  0.92947289754161067        9.7835424632021262     
  0.63332084834751201        7.5853330436225050     
  0.29560897477299419       -2895.7234423052669     
  0.17473956395732138       0.35668951616346001     
  0.84257859622388598        15.308896092719372     
  0.61858965429744983        5.4877143521458844     
  0.70589288724727750        6.4191148500916677     
  0.24243993572909583      -0.76183021142984542     
  0.79796104735104267        9.1193970371816722     
  0.39101401286647330        1.1779299289311491     
  0.10995928910108699      -0.70788555161653188     
  0.75368793423291680        7.7634682116097293     
   2.9797177562467358E-002 -0.66947983868081629     
  0.70066078907344076        6.9851677332263247     
  0.52520336717143523        4.1063475276543535     
  0.75255982355935169        7.6909286802133119     
  0.64767788901261669        10.558819602881385     
  0.87108476301326399       -250.41616807546339     
  0.83072129873881539        9.8079199934479604     
  0.95718044050378737        11.430914753685515     
  0.22226743603999699      -0.84021663597138296     
  0.57949279519178698        5.8679036223272050     
  0.99076050788988423        10.575973179142219     
  0.83996735355316965        10.111240914391473     
  0.17480546292448385       0.42332442953487454     
  0.70954175146677656        6.6403510755668869     
  0.30155073536641952        1.8778345621332992     
   2.5041553710338893E-002   13.447003914674427     
  0.91673968872698175        5.0496040864898513     
  0.68880657120476818        6.3993589405750102     
  0.75675779955500966        4.4014053568138323     
  0.93272804522667530        9.8325758153645442     
   5.5009915794048236E-002  -5.4138983997959365     
  0.49894994546936888        4.8279232508993806     
   5.9498986527512510E-002  -1.6906719491124040     
  0.17186609513025741      -0.40949688812722973     
  0.68836200361669042        6.9102738801547670     
  0.30662053909312081        2.8586555479071576     
  0.73519019123104745        8.0926409193450812     
  0.75216841648531418        8.7329026896281654     
  0.39572102664308706        10.606708305379460     
   8.7785026620513240E-002  -1.9730411735305420     
   4.8962978112807476E-002   14.896945835442015     
  0.77936189512474185        8.4155421670510151     
  0.68077666652196789        7.4500508692605862     
  0.31156996240956447        1.3379994637869714     
  0.52276466659506315        8.5732006832286238     
  0.50579646924680599        1.2405612264444073     
  0.43852605934329814        4.6145094720556186     
  0.58763927809631722        5.1362905184633165     
  0.29732522614446744        2.0603252303641337     
  0.29489957276950429        3.2700192312409264     
   7.3784442603314293E-002  -2.0911120166786445     
  0.97494573823506148        10.457780790866799     
  0.72816263983007057        8.2911273582021252     
  0.75809038789876293       0.32395664086369891     
  0.30917621864581835       -454.54506844286112     
  0.24649832406719052        1.8986832557112341     
  0.25688729360199003        1.1851331309316901     
  0.61806276137888150        9.4988987425115656     
  0.93778823523372401        11.804099107248707     
  0.99218241521000494        10.983407503995895     
  0.22481921001061844       0.95184421019071286     
  0.94728400453616279        10.835278009530278     
  0.84778536684365380        10.470093137902698     
  0.70012632339586656        7.1133449956276138     
  0.55444400832015805        6.1918923448747378     
  0.44158390191846875        5.5083987711558784     
  0.24918181721481258        1.8205464183148039     
  0.89766275549426910        9.6709491616536400     
  0.14572981765563919        1.2495049314533266     
  0.43459361981833688        2.2582226520293114     
  0.45737622494535590        4.9600442065848664     
  0.30938053475227756        1.5722671526189815     
  0.48092461088625071        5.8810472765322528     
  0.68974267524899480        10.509132500478959     
  0.81079886923521227        6.9846528512777288     
  0.39216441626836418        4.6704035703141829     
  0.29314874193643925        1.9818639689464714     
  0.57597806047107603        8.8524380350069460     
  0.72534180855693453        6.6940473098886955     
  0.14277333765976519       0.19637223263092651     
  0.33355550919474586       0.84775355376767747     
  0.16038979485648230      -0.95700281909061391     
  0.53459430972317434        4.4083537380535036     
  0.72332530657186689        6.8169441060964706     
  0.22818029153014319       -2.7995406459213692     
  0.19900644358815167      -0.35346781283875683     
  0.97261960830448357        13.849226828690728     
  0.99357137685573227        11.137070321387990     
   8.1952017150078937E-002  -6.7362924975251302     
  0.25088065530040016       0.50985231746734339     
  0.21584897978999296        1.5947904353048732     
  0.19577711855053748       -2.0558495801215573     
  0.85026517101655652       -4.9332948279065398     
   4.4682351083772387E-002  -1.1516253766667264     
  0.86392116421252663        9.0144595829866550     
   6.7133730346380149E-002   2.8438111769633876     
  0.42731734628242146        2.7941648861268451     
  0.13731883758019814        35.881824664805244     
  0.11908749853017286        4.3991870684334726     
  0.30594954564292076        2.5064933303947776     
  0.61323700039141604        1.9373322295052562     
  0.66366329403124780        7.5349489627830275     
  0.89591000631789930        8.9188988251166439     
  0.75367937775404970        8.4884956081087815     
  0.62987051594818644        36.723664222775319     
  0.22098800359669779       -1.2016591738708282E-002
  0.48383735038857656       -8.8384754177530525     
  0.61502037466163484        5.1293010276047086     
  0.98765877249987322        11.965954931197178     
  0.55918761719108034       0.65567733096106373     
  0.37088406000332419        4.4097681956587245     
  0.33759472365220733       -1.7298682234338845     
  0.74542508222331527        7.1626298137799465     
  0.56973490106216007        7.0460075984076331     
  0.45613670074313395        3.9383557991385540     
  0.64818967382866988        6.4310586159483165     
  0.68359609234188012        42.349437575572594     
  0.17039051779230752        1.1453995051766717     
  0.27306611150490112        51.825871377003779     
  0.44076248864493484        4.1281517346978314     
  0.45772202732932210        4.6007796961070904     
  0.39525667329373182        2.8091491387013665     
  0.68833421060974365        5.7047285399061751     
  0.29888870997049910        3.4748378522703343     
  0.20522742638830849        1.4049312550440356     
  0.19228427030831396        8.6701341582708924E-002
  0.41899995289608805        2.4934730931559894     
  0.69064525352998218        7.5083955105448759     
  0.14055545397937086      -0.59126921637626872     
  0.14374126018599176        2.4076936371938347     
  0.66246357421767654        7.2684135173541105     
  0.57567520175661002      -0.22471144245370667     
  0.77495051834167661        10.640179231098458     
  0.77529657696666687        7.4609081768442831     
  0.76535410541360693        4.8779136537289913     
  0.87651071944983838        10.315880503007952     
   9.9213789859569856E-002  0.35555534538761391     
  0.33451564855043459        2.1292799528426918     
  0.64509365626342596        6.3651315414272620     
  0.13161814434673125       -3.0687320365125217     
  0.80754366623427520        8.7430459688106055     
  0.54187232107371441        2.7064012103333437     
  0.26575258900991994        1.5082417838832749     
  0.45887499158889133        3.6428001934473473     
  0.51092502460107625        4.9315366235792339     
  0.50483429306437211        4.1576797195250581     
  0.96177393073043016        10.250046235128789     
  0.55023517007316369        5.5713242520185418     
  0.18962881064005144        1.6819114356730869     
  0.20111891128482118        48.949577019978044     
  0.24873763050816744        1.2701120113118294     
  0.97009140546338224        11.941715901492380     
  0.77639205001407774        8.4176022919570084     
  0.27270044777564839       -4.9417241756914159     
  0.49695074034820719        5.8162302905826389     
  0.39875159031181151        3.1548575724998642     
  0.61329633849052789       -1.3199947571419264     
   8.5268659102589850E-002 -0.93373726597669449     
  0.73700213482697774        8.8602181757875691     
  0.86286923456038567        9.6199452168172090     
  0.34103512211749876       -15.155493755472751     
  0.69444081887350295        7.9329096605745999     
  0.64188324055834467        6.2620012835921726     
   8.5495612676670163E-002   3.7544872586192373     
  0.70798421219476548        7.0911734255896981     
  0.59245963833222659        4.6383599656094567     
  0.23278657655422585        1.3766091821224560     
   7.5197839010921474E-002 -0.60561870499518611     
  0.32433594009269640       -16.911845942986304     
  0.91309149503067877        9.3040003389376427     
  0.20428662261757091       0.95484181740127649     
  0.45276772758499584        3.6313107639999949     
  0.72717337726348708        5.9081570486743882     
   2.8357973188649632E-002   1.2115342349898268     
  0.51702983781800016        5.1214911658115101     
  0.76766128607264639        7.3516732307822643     
  0.89436461652402255        9.2903552405084593     
  0.94449006928168810        10.079949208399213     
  0.28980618196822561       -5.1479116122010726     
  0.53146580425349577        4.1696694728317274     
  0.23282559027432692      -0.62003344387521775     
  0.31277662127622619      -0.64802691616883434     
  0.14152132324265121        1.2815593401842951     
  0.34258087154256867        2.5490084628117189     
  0.15352806083920278      -0.97828680260619116     
  0.84921642429582089        12.481824718803818     
  0.97205084227134675        6.5071157164423479     
  0.44092403130910063        2.7451891092858913     
  0.77444134538325782        7.0837393008748064     
  0.45621432003113849        6.7951289455324728     
  0.86450049275261742        11.272306354807363     
  0.72797509793647874        5.9475842466065609     
  0.63733586994118707        8.3127401270883023     
  0.72403884956302822        8.3556362679010974     
  0.60421241825187955        6.1287594060286494     
   2.6294174923052416E-002 -0.62310260596996181     
  0.29276586968065266        9.0083395284516783     
  0.19719170751003179       0.84920938186565953     
  0.94866208050077439        11.775856323353313     
  0.53184617335798112        4.9691836851622311     
   1.0359227583982333E-002  -3.2963636247773920     
  0.45213558767822626        5.7685745940780855     
  0.96358287650190944        13.785526857431782     
  0.98611796360729964        11.450424870172730     
  0.34091318372676116        2.9335980467387968     
  0.95929139331351787        12.342421542187715     
  0.32670813034714641        1.5372567428709993     
  0.70423290067124167        6.4710947497477349     
  0.79044770146719445        7.6770920014205366     
  0.72356365054109473        8.3999085919850796     
  0.72895570432391854        8.0560196595681202     
  0.44538191377825098        2.0966172113253365     
  0.38177922857141744        3.1945403412652027     
  0.92222468835471560        9.5414146202075099     
  0.74842333020160356       -13.400796186796624     
  0.42673007814144759        4.5085731173895383     
  0.21742721244960828       0.38603949711346852     
  0.72941351938892307        7.5787150616541012     
  0.79691503598983249        8.6140486227589257     
  0.55842331588279892        4.5479887302637749     
  0.88541670101198799        16.017147415191712     
  0.38312572362756669        2.3800481792003270     
  0.24079663337600543        1.3678368780853205     
  0.31508325260723469        2.9322194226852965     
  0.43290467032367930        4.1811789575670737     
   4.7982610531160153E-002  -1.7407914367433193     
  0.42407972127107896        4.2168684236700980     
  0.73732715035209118        9.0301221809964289     
  0.87278563427922329        5.8118198870338373     
  0.30798714912003933        6.9401170751889039     
  0.84331766048235557        8.4419614934826779     
  0.81609208459087224        14.219144142532150     
  0.40680069683452047        3.4506216507100675     
  0.86498817456835631        9.5105419849196728     
  0.85225049484425663        8.5363558525553422     
  0.51208208903112984        4.8642340562834097     
  0.77641413197060993        7.3312948594750988     
  0.49286004525007310        4.3872137189029337     
  0.20485362312216737        1.6608621929622407     
  0.44513087475986624        5.6937290611319966     
  0.43355460333856444        3.5293850671354452     
   5.4712563974176120E-002  -1.6442970108884691     
  0.70049609849882200        10.718232750720137     
  0.91923724205794599        9.6308214861604924     
  0.38901339891463027        3.8356144414261149     
  0.24887829176193088       0.82169397904797525     
  0.36634701876254805        3.6496192445587226     
  0.99866368667788841        8.8188924674615272     
  0.66207920313938740        7.6241757501012408     
  0.17973452059311967       -1.4288872035107547     
  0.87237610116023401        9.6765608142493225     
  0.24395752437140072        2.1266727355324138     
  0.11639194374365858       -3.5657710917569303     
  0.81821952705974288        9.5797470274746317     
  0.53564032266581674        4.5537033226103407     
  0.98805372763009969        12.529735389064470     
  0.41630570336028572      -0.32500119728960630     
  0.80819800880457204        8.8671890939929536     
  0.23993837607826229        6.8659610669586026     
  0.97025815138126581        8.0318391206762847     
  0.37631818809391815        4.2157782713863270     
  0.63340048969835172        5.5398559069564310     
  0.13689959302439558       -1.3046371324340502     
  0.76847244921976310        6.7529533280291361     
  0.10119895488607211      -0.77718495235957852     
  0.55194621804856736        4.8515837831503870     
  0.83165167281088859        7.9471717455716409     
  0.37725869941446355        5.5828722289271475     
  0.86776773831002141        9.5560328396981955     
  0.62466227417270259        6.0140086463089872     
  0.55231366471260868        3.7976908326556389     
  0.21161034841473481        4.7180111626706029     
  0.82271970767776614        6.7962228528651130     
  0.36360194436972559        8.1452353561572792     
  0.23052220341180740        9.1492327698051348     
  0.32911436481962897        3.3409413428417616     
  0.68009265839430111        7.3872314273320239     
  0.42904504776054553        3.2157359889861530     
  0.45230485162857959        5.7093179099262379     
  0.92760845882611520        9.9060353567908646     
  0.44623119388779142        3.5110216402767898     
  0.66724915429781506        3.6063130080616630     
  0.78085370493555639        10.017123011971432     
  0.79082711458689936        9.1396892744479743     
  0.19774020456839636        4.7757877071891635     
  0.25637940603026388        3.1241869288102322     
  0.67680446681994322        4.9302845542656506     
  0.89853090136073599        11.362199021711188     
  0.37501404095129098        2.4687471404694232     
   2.0036630669295841E-002 -0.12355698698025153     
  0.40200226297236219        2.6433491651315042     
  0.99096250731134028        6.3081252168910327     
  0.97474951161210610        10.867929449561606     
  0.97027795848670872        12.311743976249499     
  0.96883717408760450        10.922010422289745     
  0.37472696390456151        4.7879090497581664     
   9.7284032140401600E-002  -3.3101427735476139     
  0.75072345887093350        8.4743557224803023     
  0.82450999814598558        8.1006131403161366     
  0.72444487531867996       -17.104620833189603     
  0.36705232894860818        4.6132477148324496     
  0.62205207183627220        5.1616964510610561     
  0.30632266114939521        1.4006293014548130     
  0.30127693328943306        22.980247723325220     
  0.67638210174832747       -17.758231411952593     
  0.83006404336629958        8.5328430864219804     
  0.55632375422913727        7.7379970219777565     
  0.55944490547521131        8.4012387176346035     
  0.32780385183736782        1.2972347149282921     
  0.73070414356806801        8.3781077204138157     
  0.15825297604756583        2.5754143094668480     
  0.53287518760264430        5.6459062391324055     
  0.78419440531716766        8.6887876410515403     
  0.21578183945586571       -5.5039683767802563     
  0.32531341362889854        1.6840973959266317     
  0.50145026413067684        4.8531233907804028     
  0.22291789300431553       0.78728036731417350     
  0.46649858594268445        3.7975308483333192     
  0.18679879291927848        12.885615129261133     
  0.19510916735645067        4.2362913554022583     
  0.20691851561561680       0.29356918453822445     
  0.90580585422187498        10.391557940025814     
  0.79991886123040556        6.4387720580451928     
  0.73494840028299036        10.179023949690315     
  0.41534807499619619        1.7093954821821300     
  0.81098792584227231        8.7814611412905332     
  0.98837414641013377        11.647994099472916     
  0.49112025820829375        5.6541409160302614     
  0.21931663612245789       0.38971323385648671     
  0.76188202225647494        5.6260880047474959     
  0.90730872105150562        10.173176054472279     
  0.58963836208606546        67.343912522762011     
  0.87061989421195407        8.0989992920348257     
   3.8607100500529401E-002  -2.0342555784885752     
  0.93803365442514863        10.015012825108581     
   4.6902830605439871E-002 -0.84174416032200006     
  0.89708205722841439        10.421555144742417     
   1.9745792015092967E-002  -2.6188045179415034     
  0.99924423357596293        10.009862721130702     
  0.98019678874327287        11.131143279800986     
  0.61166178640860513        6.4205163261973990     
  0.58756759509160661       0.59779271131955536     
  0.96225375840022331        7.1731953933967576     
  0.89342003517617619        10.255005185281103     
  0.20221827297821948        2.5751412393199531     
   1.2733166696522358E-002  -2.0749538190750476     
  0.25499049258504847        5.5282035282100548     
  0.89042807636569077        5.4622799091128744     
  0.26957489224190823      -0.73418141316736696     
  0.88901968431167633        10.137451954237838     
  0.51914392143932908        4.0970914413649240     
  0.36720618318610476        7.1690693032043846     
  0.98382414995643208        14.743245422426721     
  0.87695144775894573        10.181542148289308     
  0.68144675248430542        7.4863637442156392     
  0.36246189950899466        2.9681887305844477     
  0.19819086498290561       0.90278665416442305     
  0.18722784076695820        2.1730419189849055     
  0.98765544440038322        8.1937632577058821     
  0.18265835793858332        2.0275250596019339     
   1.1832697676146697E-002  -2.6377322558931153     
  0.94371752779159535        11.427826730407411     
  0.49193207685873286        6.3510767429986767     
  0.98052917494786496        11.675454274247514     
  0.61328421508557696        4.1387685622380657     
  0.36268707975415249       0.68213256062713734     
  0.53237807537040271        3.4869747679749739     
  0.14579379814847304       -1.5155453378926846     
  0.13283007371383759       -1.9789770338355326     
  0.38118351110347326        3.5261843604940371     
  0.70034135044744128        8.7602666893856558     
  0.54973081365212284        3.4682558261289440     
  0.82557132557187685        7.5288127514210572     
  0.53733937996908399        4.7847750011342880     
  0.66233274757596627        11.092761598748947     
   5.3169139207829619E-002  -1.0778522531358270     
  0.17146491833359134       -2.4553410986810116     
  0.61865929576139744        6.3148127965381731     
  0.75873271269217579        11.841299878324701     
  0.91005862557028849        13.141422197012595     
  0.71400008633816259        7.4676476591015417     
  0.74001199740787282        7.4110749149227040     
  0.35670250220712330        25.110087314533601     
  0.82186121516379662        9.2189275756950657     
  0.55205563310105155        5.9408994163867703     
  0.65080271695533720        6.4438810479048447     
  0.18756644645198972        1.3690782399779717     
  0.81830923984152371        8.9414452563829450     
   2.2396623692316764E-002   11.663270167353062     
  0.65717901547217927        6.0139759314734738     
  0.11964156563696460      -0.83873550897080829     
  0.38535127755465026        4.0282103512429464     
  0.24264500090670704        2.0529471625833478     
  0.96534475756612925        9.9707707262940506     
  0.48529063407270667        7.5180916486871610     
  0.99234966035633099        11.439742877016716     
  0.28128118912253941       0.66234310212185676     
  0.97843001440885136        11.133649438249071     
  0.95286899861263907        9.5375494481478640     
  0.24310800202004479        1.1607930425996307     
  0.41662088497238570        11.779351185883383     
  0.73578068266013041        6.8678197378259274     
  0.19528316321994643       -2.1855341910512274     
  0.63934076999570932        5.5734486177492615     
  0.62968040026583083        1.2502536410690039     
  0.10286943746637012      -0.68468205381641389     
  0.13874525910621138       -17.238136785891694     
  0.45492131079612197        3.6739685409315919     
  0.98436716289765802        8.0068002816831640     
  0.42491528581581384        2.6770495820853508     
  0.70480435996953872        7.9259991804769667     
  0.36539989046220744        2.8650497321647506     
  0.20037653090077745       0.27530805333751851     
  0.40959124845958894        2.4386696000694119     
  0.23922333966216214        1.2967762274507859     
  0.70500446056458466        7.3362874876526725     
   7.9080864241104498E-002 -0.30039333538292556     
  0.20381774936615382        1.1690935926324331     
   1.7351680819093218E-002  -2.8725726770139914     
  0.33431003006673043        2.3027396908861535     
  0.28485729063459442       -1.5494210551263565     
  0.84541384429684774        8.1501168315299850     
  0.49443403698221466      -0.73633191996178482     
  0.71010834580045012        5.4160812145039436     
  0.25464771766336192       -3.3514076606180963     
  0.82272353369577855        7.0877791841704596     
  0.28161468077411012        6.9350945053923176     
  0.62479955502658346        3.5562266419594746     
  0.74580690427294083        8.0501402277416929     
  0.87393458645787903        9.2746703632765346     
  0.12789372986716063       -11.316138799376731     
  0.27918335320606125       -8.7538187164616943     
  0.92347621522794865        9.5335829980612594     
  0.98630125849721850        10.117746777799987     
  0.78929138465915305        14.127828564120691     
  0.34792668351209388        3.1554863538343212     
  0.76432474427997565        7.2761369864381304     
  0.19309145544428430      -0.65636819602262420     
   6.4411176870675435E-002 -0.92531646909005349     
   4.5220616699747085E-002  -1.0431699626773892     
  0.14651823209324966        2.0941928567700518     
  0.80690336984251487        2.8595483393752463     
  0.65601881285238739        6.4950509807764369     
  0.24467491244200512       0.42796019053115353     
  0.32436495444975333        2.1484521613162744     
  0.98367334389701155        8.0112543416677759     
  0.61375276211573315        5.0931400996153915     
  0.29252255546350336        1.6660280069860374     
  0.49556197686734083        4.9934143212622955     
  0.73612890663495389        7.6374777518817174     
   3.9532622694874453E-002   2.8564940535124377     
   1.5658542506587603E-002  -2.1665755582532675     
  0.47852363554288080        4.0588787993662772     
  0.77661652708998863        6.8199506039509226     
  0.90692593407399891        4.5603427917375905     
  0.91519362688011507        10.613317703221291     
  0.33382928726360173        5.3584888090090246     
  0.29931350054905503        2.3490253750242749     
  0.82870221945848865        8.9146869626892347     
  0.45936284805469418        3.2094883601892694     
   1.4844289343156181E-002   5.0438772191234467     
  0.33909776602950403        2.1014703291577401     
   5.8197466921018015E-002   105.54653582675486     
   9.2773520207799831E-002  -2.6819267410411998     
  0.65173108628450327        16.948400355764150     
  0.39518661362492724        2.7226244320315045     
  0.61993000682962951        5.7013607945212410     
  0.82521998840438526        8.4385460900164961     
  0.33907641604780647        8.9121098092782081     
  0.30846797041835616        2.2037146798351990     
  0.36092112834835477        3.0976311403027035     
  0.41168572103049983        5.5725980813325098     
  0.46094769394423785        3.6672759953182346     
  0.38241298445457628        5.9469464712246625     
  0.64311696262363149        3.3085871602549979     
  0.24165193346219926      -0.18592975355008745     
  0.71567807681580609        9.2348335442227416     
  0.85680184065650056        9.0667616874214225     
  0.16394084524446662      -0.31470608237749093     
  0.73130405859038305        12.055569823780605     
  0.50991835725925483        3.2983997839854799     
  0.28016415906118974        1.8292924721333472     
  0.99305625682665910        16.029037262353949     
  0.76124683271643701        5.7369047310232304     
   3.2718869854111099E-002   1.7740761942905188     
  0.70666055911010062        58.144612934773406     
  0.67208678453880433        6.8413000947146614     
   9.0042090673184583E-002 -0.71154405936039566     
  0.46119181689270772       -7.9094386708159981     
  0.26383846675606615        910.25808234252565     
  0.35549090446061016        3.5968718883866275     
  0.72313847271375098        7.6805084470963854     
   2.7292681770750393E-002  -2.7423572006984434     
  0.58483976419163897        4.2822921861459946     
  0.69424505983808071       -163.70354455446386     
  0.11069274515902894       -2.4321978425241264     
  0.52625722864817770        3.3507208988732087     
  0.99367689117500946        11.034254392869546     
  0.72625361079331108        7.9751796581973178     
  0.76048737145709744        15.042607978965762     
  0.20361821301658323       -1.3724967093959415     
  0.86325272179989687        9.9382865370902440     
  0.19249574211328457        2.0826976961224712     
   8.8159686605241538E-002   5.8697155860613064     
  0.24128130363104239        1.9596525109345504     
  0.91052321477440767        9.8288601605355108     
  0.82985879233875781        10.669868154262934     
   7.7545753632279779E-002   2.1105958048976379     
  0.87147645941776530        9.0604551944011700     
  0.55719016790668041        5.4836712499305102     
  0.39718700174092769        1.7268736321316631     
  0.99930977535354215        10.088759263057657     
  0.77001883286432049        7.6551587986578058     
  0.78566151728103828        9.3653418959602117     
  0.75339536009154895        9.0597039069163063     
  0.56022080642884831        4.8747993146404403     
  0.69442343723972610        11.048519846818659     
  0.87560908220689260        6.5501318045937840     
   1.4337007491810994E-002  -2.3182610247937814     
  0.28574130182452162       -30.531558636705210     
  0.18132512021190417        30.134860884531509     
  0.80771562108551664        8.8195405260371977     
  0.55253966620710693       -5.8281287992373825     
  0.48583911361242704        3.4670638587679155     
  0.53673894259697930        4.9353811669082273     
   4.5342941011627169E-002  -1.6282062442243330     
  0.14383861973042578       -7.9684715326481559     
  0.78013058109121169        9.2028110716846534     
  0.77062445487128983        8.6104080032847907     
  0.15952868917814222       0.31659595258450213     
  0.46895977974722769        4.8408866263788957     
  0.16301609816932772      -0.57008487397632834     
  0.54885257330690473        5.9521004607257719     
  0.30503794057294753       0.52014862764077807     
  0.15441603519908254       -3.0708427263583356     
  0.57502100991635141        5.7814835726031903     
  0.14408769694293733       -4.7266917182590538     
  0.19329699598980510        1.0353496666456043     
  0.69107961879126600        7.3664108375156507     
  0.95018826456864547        10.794074532612312     
  0.13141099217017105       0.39402039329707339     
  0.70999418430706851        8.8266175182956292     
  0.37973137132093204        1.8659574903054819     
  0.39798088451740810        3.8503540617359526     
   1.0060189231004824E-003  0.22090276897771388     
  0.41318963582680446        3.1804062980325716     
  0.80381329668028567        9.5535701832668476     
  0.87786436304078064        9.8993699213682937     
  0.14078898678498297      -0.89732839645376872     
   4.3051340833083818E-002  -2.0267574451932511     
  0.56564967039979974       -1.5139268341029446     
   5.8201889526010908E-002  -2.0003564127281126     
  0.87135379161786797        14.932838096512357     
  0.34431627534172571        3.0630297970368456     
  0.48983353608666991        3.9315888632772520     
  0.28221657386963817      -0.64654332372765344     
  0.23856290617149323        1.3453113166379396     
  0.54964784202864780        11.101114314380817     
  0.71387243442687731        7.6281278636845853     
  0.90282685691373321        9.1364888636504293     
  0.75737484592510107        8.8591741752306685     
  0.53922596067332795       -4.1835248603658366     
  0.64592131285733245        8.0408373128455839     
  0.77694972110631844        7.5429123762611434     
  0.87901543461270515        9.8787909206615101     
  0.60273891651959133        6.2246811193977889     
   6.1516965590861394E-002  0.14174873922754871     
  0.43912082919427908        49.053064352207251     
   8.7053505855022584E-003  -1.9882752202519356     
  0.29957509335314181        3.6064945850155548     
  0.97350136532266585        8.3472985103000301     
  0.95517100854195192        21.366466239103936     
  0.21328756770346380       -1.1565956453136976     
  0.67396685296577641        8.8772812392087488     
  0.53615432846644451        5.2996964908356698     
  0.35969779286049830        5.0740401156592352     
   1.3730067358378450E-003  -1.0950898143798848     
  0.84943634794168910        9.0493911155487741     
  0.42147204230228952        7.3255119542596194     
  0.74784499060966836        3.8413156914422939     
   1.1644295274733540E-002  -4.4964565517617441     
  0.61436832857093959        5.4738439467081346     
  0.44443600647382675        3.3219119260989167     
  0.66266082993028730        7.5520682481968038     
  0.68874596895916862        7.5732191577027876     
  0.93912624946477652        10.684014493538145     
  0.71673104615287309        7.8824088497620091     
  0.45166570190457256        3.0280067166245193     
  0.63450596249022273        6.6790738714540865     
  0.22419414930264070        2.0218323679144996     
  0.39816213100145292        1.5869252685952848     
  0.83009764290903243        7.5308596512710002     
  0.13901032410042580        1.3980094232341773     
  0.75593193844224149        8.0612661185722203     
  0.79298927861299273        11.249291683528208     
  0.22790616318355705       0.99277326456940673     
  0.52808676151208378        6.7233932019172578     
  0.13744991720305000       0.43795815285277406     
  0.17395039660935685       -2.1399955445661609     
  0.14752989193093302       -17.469616021415820     
  0.81000985247132595        8.1781714040280793     
  0.25148509160754895        35.411069849081166     
  0.41005804881720276        3.8518035042561953     
  0.95659664673381306        9.2080908904040157     
  0.71973985841319088        7.4243405672968290     
  0.83538400495371834        9.5277545814171081     
  0.77683342061375149        7.8234807094862546     
  0.53788354668740945        5.2835988475165374     
  0.61128871541607599        5.3028297943941007     
  0.69412295664446855        7.7802249604360281     
  0.60068313036101095        6.1438202811526708     
   9.6348694265127377E-002 -0.41805966574425762     
  0.54919655477876250        5.7798799430056107     
  0.29289653219599776        2.9628414319169254     
  0.20585646367723631       0.64122036098737867     
  0.84306520323392609        5.9234814626142480     
  0.65149679550841955        5.4336131905761587     
  0.96308321889594484        10.616730610385959     
  0.60995583697685574        8.5632815264264881     
  0.40388129975560261        5.2207894508765396     
  0.12861460124812563       -2.9023558894558263     
  0.13779322167410191       0.42031888030393727     
  0.21512496294228500       0.72784912363211551     
  0.52300966320769104        6.9184552799964276     
  0.70972664203395319        8.0901163768042910     
  0.52238890864853527        6.1574707867100384     
  0.18445579024932190       0.41888194521562955     
  0.86308869708191893        13.421450016227411     
  0.31430185268414523       0.28596375436241450     
   3.0647470081291983E-003 -0.63801343356250162     
  0.99957778936557717        10.363138404599388     
  0.88040037438333774        9.7481182658649548     
  0.24377345905992243        1.2618437263081086     
  0.54392241930024465        4.4969738436812694     
  0.76099468600782594        10.284396316956247     
  0.68162221861772121       -12.489289409658035     
  0.42131001870925266        13.903610722977948     
  0.59472992180727580        12.160076885092765     
  0.44645106835181458        4.3535290095164623     
  0.94449911625384064        11.667161132226838     
  0.16635461701850374       -1.2799112161385904     
  0.97457224905093054        11.771935298696807     
   8.6911566875827906E-002 -0.43008789327328123     
  0.15111229232873225       0.61305745903737774     
  0.90990130340063857        9.4454274892085124     
  0.20552806680165592        1.4448047643692294     
  0.22154351476090972        1.6164995007015295     
  0.13414583400875058       0.26141944956160168     
  0.69744645772492164        7.6014422011451428     
  0.97705850505703828        10.777451111703362     
   2.8364843897369374E-003  -3.0534390055207434     
  0.49422057118902285        4.2169980339052309     
  0.24765890710812266      -0.51965368296243719     
  0.90256744758024410        8.6836089241822805     
  0.10431730673771644       0.63846773040763072     
  0.77522979526282265        8.0804416357246023     
  0.10458125569975629      -0.81670940672184744     
  0.62071358685640876        5.3555098899854432     
  0.33433325898841915       -29.504998855104414     
  0.97774101643718248        10.419163683214387     
  0.69192656408073994        60.254058264071340     
  0.82767913723315734        6.9761293055261904     
  0.96812776311713755        10.060633312178160     
  0.27743859457703757        2.1069361590675779     
  0.36605162917000389       -1.5838966738904441     
  0.15422432336142833       0.67780591098988119     
  0.98090658404989561        9.3206266972769960     
  0.93174685215537556        10.397492651921278     
  0.23427555873074668        1.9612454952493568     
  0.12339243679771650      -0.62689533896835059     
  0.36622283197452243        2.4419733197319053     
  0.83944627547567030        10.152014835804332     
  0.12579278557809981        3.1945427751029190     
  0.98997422953809133        10.824420474098584     
  0.48001122593479784        4.1656345827538077     
  0.96143381905851955        10.684978653322592     
  0.96053830266786866        11.892500117487955     
  0.75322782379747266        2.6102977582430134     
  0.64559940589462594        10.543473032104917     
  0.66488406972620240        6.9194770700018902     
  0.87929319631639169        10.410414396432250     
  0.72963388608156288        5.4497570903486512     
  0.69627594884633381        5.9156175729883893     
  0.53434779307299796        7.8701761064844247     
  0.74880750216423508        7.1578985509493513     
  0.82675984220172272        18.390794047768683     
   4.1288640626223616E-003 -0.54866333089689534     
  0.22487943133775190       -1.9702037900009617     
  0.41411248631901998        4.1705187563889679     
  0.62865925134937262        5.5429243384700859     
   4.8754425261903545E-002  -3.1492144348281208     
  0.66319991748211016        6.3114458440294428     
  0.17783287412853577       0.24879157320850906     
  0.58209978817504127       -87.322701993004330     
  0.96103291129365642        10.539670109659754     
  0.28601804575930134        2.7392020623825646     
  0.28004133722866575        11.990349432702955     
  0.87829900520076643        10.273013372940499     
  0.67698488208801255        3.4114301306062034     
  0.23619811459286555       0.74627079455669709     
  0.18641298418568042        1.0391735002294376     
   6.2078022687568679E-002 -0.65141797612712304     
  0.16688321701726694        1.7108985824563041     
  0.21365368648610339      -0.23262929389991949     
  0.42666983412197979        2.7539199180150540     
   9.6723319912040973E-002  -444.51485684908835     
  0.23501956555130421       -1.6918588113949973E-003
  0.12971625514743435       -57.823096287728191     
  0.94289426972293011        9.8898649699721624     
  0.33554266835689806        2.1242950933250597     
   6.9775682723449473E-002 -0.30787930390590723     
  0.49261705141925549        6.8463496582277426     
  0.69665717626139589        7.7137678081465841     
  0.74229498771677782        7.5247791543337454     
  0.12164939933282959       0.10955713314938831     
  0.54147753527074716        4.3613772195357514     
  0.45072509015705253        5.1595529065483445     
  0.68516014124753499        6.8645781828544612     
  0.83395847498084952        9.2427463657037681     
  0.93213746655082086        10.882967761011429     
  0.76648198717667770        6.9299834613945759     
  0.59354550159113595        5.0190621053075652     
  0.40472859853746179      -0.27711582444069327     
  0.99969874458386354        10.799217525536369     
  0.13471584251410651       -7.3390612311554086     
  0.36013955924209196        8.2288945290064248     
  0.11287638470094641      -0.91746596706155070     
  0.63168091966339024        5.6543090303321506     
  0.15591952636552342       0.57069373692978742     
  0.40418530509129813       0.19093703372771786     
  0.18541678472785039        5.0262513331720413     
  0.68529136448545580        6.3270714926395044     
  0.61260921570774163       -37.738322231905727     
  0.24445162683141375        2.9541467168850297     
  0.14472382695177322        11.915707277345730     
  0.71799566145871296        5.5326427728584893     
  0.81986521482516395        9.1324802019955058     
  0.11869970256111262       -4.1389899458752106     
  0.12675965201960937        15.073518268870327     
  0.28634315478753603        3.4178408707070327     
  0.98675390575908584        7.8219881451380902     
  0.24547465505651522       0.47494938657346542     
  0.48913182946813716        1.9193489705015243     
   2.9694543103912951E-002  -1.9954477971722455     
  0.23496362073326493        3.7561335097620203     
  0.45377315521467032        3.1279002670609377     
  0.28838011241650874       -2.1685751107654205     
  0.71506641175986507        7.7961607797913883     
  0.43590509197219207        2.0224397872847066     
  0.61160815254732415        6.4596537567911989     
  0.56198405904387483        4.7581676538095019     
  0.34317262870992349        2.6067131382535180     
  0.77158983627882494       -4.3073416637425268     
  0.49813598373131851        6.7691264158622948     
  0.45379250786990177        3.6825121151474582     
  0.69564661754735291        7.7543738867198195     
  0.18146808288876815        4.1855754681294766     
  0.44139036871434811        9.9394466026509498     
  0.43675933061479777        2.3431982083660268     
   5.8750667761578446E-002  -1.5219470427257784     
  0.36885228622464683        6.5437679557082546     
  0.43084687834408708        1.6599877995479542     
  0.19865537614122863      -0.62370420817512784     
  0.39499578414842229        4.4167431365876624     
  0.24689869383248209        1.1272227153782808     
   6.2164441073151444E-002 -0.58800340886619407     
  0.90765102100896422        8.7226838702117995     
  0.51973943326564909        4.4933008419655893     
   8.4605591874751140E-002   2.9235256678185761     
  0.39594771658480887        4.5517261136048504     
  0.10148642191235557      -0.74686826274685192     
   4.7892267806120659E-002  -1.3651531246808544     
  0.23962280929192514        80.350088013462553     
  0.64346010490580374       -3.9135720428357601     
  0.54886677265274941        5.6914933117061599     
  0.18435046456575188       0.22567752109588765     
  0.42690013698472395        2.1575978389746098     
  0.62760930131666248        7.2128481159799192     
   8.7243363936287288E-002  0.46282769212910613     
  0.53710399529030350        5.5948140145244087     
  0.84474604576675638        70.560155638740426     
  0.40947669295022626        2.5241752319896036     
  0.20315141244999757        2.4672884762480694     
  0.82714283129979482      -0.53932753975520420     
  0.96582843029739029        9.0436237124948686     
  0.37773539690481128       0.65145089069415452     
  0.64713340225873406        4.8701763826994098     
  0.67774351756798612        6.7966367609651357     
  0.44568905572928585        4.6079981327718027     
  0.17208265726837524       -25.438097668430043     
  0.35202074329011412        5.5286397749532190     
  0.32913965083413110       0.79051935472261059     
  0.74682622623737438        7.2766586443837360     
  0.27151044969605542        1.5893443172665853     
  0.56129178633962351        7.7035572610068748     
  0.13244294692867764      -0.23801995160105205     
  0.79837660640147112        7.5056339810654427     
  0.20595995860196414        1.2016749161908424E-002
   2.6555102564257749E-002  -1.1738124524293385     
  0.19623902644848701      -0.31470537694603740     
   7.8452468963715605E-003  -1.9451971002773270     
  0.82177375597112101        1.6166810013896713     
  0.94444982187044924        7.8258607430619360     
  0.46799576958310329        3.7778541931026255     
  0.11359180530395518        1.0181649285558314     
  0.16049482525711323       0.33638575068068660     
  0.84523811016138373        8.4121025402518423     
  0.85370708147160490        9.0331782427244196     
  0.30139325968162656        1.3367462174420566     
  0.25117154067021252       -6.6229316827087157     
  0.20086476380364382       -1.1958906325211238E-003
  0.26078975734443288       0.81550862044918482     
  0.25710509100784895        1.8657186925970364     
  0.62861740244633146        4.3427273862726574     
  0.47397018497236110       -2.3063912253799028     
  0.86989475348440182        8.7500373444225961     
  0.64860795895959611        4.4675744741868098     
  0.88943219043019872        14.520886209755774     
  0.79524758401855578        10.513340517149789     
  0.88016617212154102        12.639692362336172     
  0.21472721943810302       0.23208846977932485     
  0.95183566464760194        12.798558209114610     
  0.71911522894148772        7.1296881303184838     
  0.11065249711733083        2.5260025275607001E-002
  0.95745872307341484        11.402232703782236     
  0.64694742306793951        8.2415093809450877     
  0.58182607574435841        5.2119057814343668     
   1.2922028370755401E-002   20.311059876472829     
  0.27617229134380783        1.6701424743004658     
  0.80045359255855852        8.2762676362380638     
  0.32789738555900383        1.8027311583770251     
  0.57940374386642890        6.1028853921897976     
   2.3961554431041754E-002  -1.5337988845948474     
  0.66990484757537938        9.0672875608375350     
  0.18144929371280860       0.60218818113826145     
  0.28661849362222425        3.4347275124183136     
  0.65845572125062690        2.6823355497266803     
  0.58896512277754309        5.8256635341137244     
   6.3697665190607378E-002  -8.0741219760449461     
  0.13281935295985958        2.2643813812399216     
  0.74166314172628711        8.8493325401331564     
  0.50033182787066932        4.1788832829013467     
   3.1440772963953756E-002  -15.463421879929530     
  0.99073931564031925        10.584916795621492     
   3.4236965949145937E-003  -5.8078085819736254     
  0.69929220728508257        5.3389490677885671     
  0.75905196170645428        7.9113325748373029     
  0.25421825141163590      -0.65436734136465735     
  0.33146571845550887        1.6474228002555877     
  0.57286596840196446        5.4319938658280558     
  0.99158547964144228        10.668899196581076     
  0.48967497301052376        4.1161654809673864     
  0.56113697207961410        5.8565736458084467     
  0.60641422150435165        6.2197842257785885     
   8.5675901647669139E-002  0.10529610664197653     
  0.25817319326781851        1.2309394155374898     
  0.47040138088698835        39.870931949662364     
  0.81332489373170980        27.343668685667186     
  0.72462090223322539        5.1634630869408742     
  0.99303013466209455        12.203866468410705     
   6.5652792417134620E-002  -1.1871612339542650     
   7.4804987618990348E-002  -4.4266666569348558     
  0.83119430184687315        9.0784196535572814     
  0.41274878143123583        3.4403452904943634     
  0.66202885169040826        5.1826001655902800     
  0.25403905899750145        1.8966958037837853     
  0.48303774475935846        4.2291016975262110     
  0.61240232445426945        6.6564406737377535     
  0.68300628857149959       -8.7873778217695033     
  0.40064973068831000        3.0596211195883187     
  0.21080179073983563        1.2156262179989121     
  0.90991264995491550        10.202892205203170     
  0.47567806272249591        3.7364620527416106     
  0.85631866136796997        12.919288377930934     
  0.91684474671083815        9.6979447085169621     
  0.51539634494881326        4.6956941801057193     
  0.71889666293049181        8.8907754293593619     
  0.28755253936719871        3.4039797880361342     
   6.2009862800977422E-002  -1.9036237177835358     
  0.37651862421412574        4.1649975802164265     
  0.25899232711771147        2.4926870112346311     
  0.54040930818269184       -1.5082309684703361     
  0.53434373719075046        4.2765368303650924     
   3.1042274972551964E-002  -1.5116663048284449     
  0.42218384788893770        4.5537065742483804     
  0.42331133547329558        3.5820945416706018     
  0.64860582357316765        8.0790623031421198     
  0.15900326650292451       0.74392334579770081     
  0.38771136218014690        2.5391733083863062     
  0.60388496200248987        6.3393051967308001     
  0.54003414074258493        2.2580746330423738     
  0.70600139070061174        4.2556229607335556     
  0.11733451658782001       0.45338542125935499     
  0.85483117042103518        10.005982791382792     
  0.58045327000873326        6.2739308053562119     
  0.52313997849623628        13.569029101305011     
  0.47548415241487485        4.4138469492280716     
   3.3952829322876465E-002  -1.9077536311738630     
  0.76685944323484323        9.0616937215857565     
  0.81846825607520435        8.0148619514170356     
   5.6332640545754598E-002   10.297179728551844     
  0.21271763926312615        1.4553547672742779     
  0.74323726851214023       -1.5290923870333533     
  0.30984532788744179      -0.12403554366018277     
  0.11503351221695357      -0.69584823494274561     
  0.86816355611457163        11.113891544584957     
  0.35939359492598855        2.3904758423840162     
  0.90858227372630884        3.9199804060191727     
  0.21228102593801756        1.3381897939042404     
  0.35894564830653941        2.9051392320102956     
   9.4370260073000534E-002 -0.90283845851540578     
  0.65188752100517644        7.4650535832816391     
  0.90463677286217292        7.3651931689433070E-002
  0.76386177078545459        8.6898853164563423     
  0.89245213430921100        12.035827818957173     
  0.83531129659129255        8.2611970071869898     
  0.50761899754619211        3.6214815304401080     
  0.49551372999226373        6.9656855767778456     
  0.50411480539212528        6.0859069140565953     
  0.76861141079448458        2.4966131045789810     
  0.38336961411879800        5.7187428719067466     
   9.1811020723618242E-002 -0.72803441388797363     
  0.92606792846858532        5.2085844291037411     
  0.70816873409168368        7.5574718673209462     
  0.83126295278058959        7.7602569485311035     
  0.80108816364336244        7.5147617407020260     
  0.58911436541073769        3.5838868186864135     
  0.81499279543052550        9.2941281590237352     
  0.71926727922383427        11.641628298877096     
  0.99816229010252611        13.843726649777157     
  0.93685133254430908        10.657458931521747     
  0.69099419932369766        6.5819822551407450     
  0.72087448728451053        4.0920145816124336     
  0.63343307032477258        12.259414642122767     
  0.88561080447320162        10.021433240021780     
  0.76129670113422765        7.5160441579519182     
  0.68404982578841922        4.6387165120838407     
  0.86274009298775411        9.7432881093387174     
  0.29705003868479041        1.6807211641379691     
  0.98289919291197902        9.1494704844385204     
   9.7146804536433651E-002  -1.7930333732394799     
  0.63578047032197538        4.2660463639236843     
   6.6649905194885783E-002  -3.7067284912566905     
  0.17296368797671302      -0.18248439110684239     
  0.46383423387057432        2.6234373666214514     
  0.43908088924620348        2.4196706776054304     
  0.80410413284389459        8.6915969901987005     
  0.42887311829825081       0.77903209714172972     
  0.76246255052291412        7.9536862347192061     
  0.70833866038260507        7.1972675472704335     
  0.24647920969440040       -41.122596617390812     
  0.90117750402246855        21.079285283440576     
   6.3395395105960262E-002 -0.36026494059691971     
   1.7950368243461967E-002   6.5489456346034043     
  0.94737517389312798        7.1560787851193641     
  0.48861967187335587        3.4680094603770990     
  0.38459825101729062        3.0288082695166678     
   8.1755664372993753E-002  -2.1332971438296333     
  0.47964549415043189        5.3797486471741776     
  0.19953034970086692        3.7373968717580444     
  0.35422172908458505      -0.44330545729671389     
  0.43130756019077821        4.4158600685648199     
  0.90626348321328498        10.494772554068737     
  0.93624901711082897        4.5504634361592515     
  0.74544583449123136        7.5832380403661039     
  0.96780283659286903        10.479750004179859     
  0.87855887292750701        14.627649499788397     
  0.25828425582539360       -3.4204062923570979     
  0.79374331107992135        8.9149355464186009     
   7.9124065020015455E-002  -9.8436581976963122     
   1.8135016207702415E-002  -5.7409372262019662     
  0.33407847006071678        1.0542373594705343     
  0.33481196449718409       0.43306418853641748     
  0.50428661342978354        3.8023118556871021     
  0.38087988176257703        3.6448098580594910     
  0.89324488150667447        9.8008898547842307     
  0.26124696923431234        1.5870425463470226     
  0.49439113829675996        5.1001826785676885     
  0.73964370144350533        5.5600382988711985     
  0.61802677476803813        5.0144719024806239     
  0.67685291931840741        5.6049242209656773     
  0.73465724004664923        8.7819203805584589     
  0.86582327983652596       -8.5927909381050434     
  0.65908888143147959        17.605184168391386     
  0.90206294958320854        6.7483803194121226     
  0.27195262277567622        1.6707259433490205     
  0.93379609050992307        50.107438493328445     
  0.14020124450447269       -1.3620212433115644     
  0.33633837738365335       0.76805158980770161     
  0.47417127875606324        2.4336038211364230     
   1.2703523278965179E-003  -3.1221137330133093     
  0.23176520693894442        2.9073129598473999     
  0.95839863968774752        9.2595464101941101     
  0.88576576753090663        9.7090672035911574     
  0.55646541727423238       -3.2159627955174788     
  0.33731216943310638        3.3349057363385244     
  0.18664138920250051      -0.51672551371043540     
  0.38297160655300644       -2.9050014472537535     
  0.66601767694475555        10.176991265932164     
  0.91406193940893787        10.385911328394954     
  0.41265329613549762        4.4261321325030458     
  0.98833220884634798        10.113049759082843     
  0.16783622961310762       0.53897862946818487     
  0.12468661661291724       0.82838079682180710     
  0.50839592768485597        2.8963464251432365     
  0.47434847645521971        3.7712691991961145     
  0.15611412396387669       0.49258975630947704     
  0.48676288976627047       0.37807307494236575     
  0.80689094700806863        9.5595549554814063     
  0.98785976974567491        10.238622184425129     
   8.5354494506764356E-002  0.24405838117442746     
  0.96097064076019090        10.781138733691440     
  0.70151714705253421        7.5182396311137962     
  0.48085134013953434        4.1644643417868421     
  0.44218709222615449        3.2842122776214246     
   2.4769194410281581E-002  -1.0677368104295590     
  0.24170656138719027        1.2972325446316009     
  0.11740436781516006       -2.3871560500204225     
   4.2596263801364387E-003  -3.6446948384842255     
  0.26148291716423067        2.4087920297529521     
  0.59737814662651956        3.2092407594384231     
   3.1955246740530741E-002  -4.5710775186364785     
  0.47789495709772423        3.6906371900225698     
  0.27414018127483397        1.6516196357938691     
   7.7614828979761352E-002  -1.3691447673460333     
   7.6901335275299743E-002  0.28022660424602064     
  0.85896972421685569        9.0843355892361366     
  0.57189014844148756        6.1896125496722405     
   8.4503493474211711E-002   2.0140476793241158     
  0.56882505450901899        4.8828351895981079     
  0.62022474956639395        6.0367915074846703     
  0.73881000080426651        6.2220572441717685     
  0.98903282653754765        10.405925857927386     
  0.29696599760801579       0.79813449254624302     
   5.4423927385347071E-002  -1.1424169742113348     
  0.95626023292619999        10.811922964640818     
  0.85301355638798115        5.0195185252193433     
   5.4710122615194590E-002  -2.0351185383609938     
  0.97100767932973397        12.778140198452524     
  0.48694479616962050        3.9250476186886480     
  0.46598513682815479        5.0148874095348219     
   7.6476054449003961E-002  -10.508246999314384     
  0.78727663075261056        6.9579330388013911     
  0.32370292997003114        3.7787552551681416     
  0.71945229357124685        7.2297897348211198     
  0.72708655439612946        4.5301075678513154     
  0.51834296121088508        5.2694449925724900     
  0.31456884111009031       0.75265089679833208     
  0.90965146497770333        7.7337813221520539     
  0.78162535928355248        9.8995650339134418     
  0.48090495843495551        42.642472735205338     
   2.0521546189334217E-002  -2.1666738041234890     
  0.14819637563286281       0.13567867333588943     
  0.87423585208070453        9.6383869642717883     
  0.45658784308803380        7.0740884523082395     
  0.19779139196959084        1.3415798710820477     
  0.65268139573491779        5.5230975433700191     
  0.80321547032645968       -12.423524754925033     
  0.23561086213598470        4.9894720509793729     
  0.48574158984503579        2.8203325719562993     
  0.22597273966203091       0.48137393206384899     
  0.11764133300411395        156.65981550488448     
  0.83355073697313853        11.668643517153830     
  0.45394771339587703        3.4748263853855308     
  0.89108768353747236        8.9239066279772423     
  0.15597578475483920      -0.23899394518340644     
  0.18851992194415834      -0.18499993695038663     
  0.15209536391006129       0.85072045499490778     
  0.60359485959579440        6.0984620691952491     
  0.92865382947169839        10.721276075623841     
  0.96762980241861241        10.924083945642074     
  0.12096298198480715       -5.3231074658569870     
  0.16608747811743862        2.7507497679315334     
  0.86220650542933941        8.9495462519000704     
  0.74850771408769445        8.0695295345409530     
  0.94207166981716373        10.744356519902396     
  0.29047519620099960        2.6915560630425186     
  0.21804370456552302        1.0056952044185152     
  0.66920258519559805        6.3830178250876708     
  0.92583690424608844        47.602966526062303     
  0.62437422345865956        5.4111675723518902     
  0.67602035773911584        6.7624632294564071     
   2.1995724438638176E-003  -4.5454936389135181     
  0.59816506702202210        9.3227417261183874     
  0.82525066885457787        11.222871637749360     
  0.94338137626953456        10.148698888571236     
  0.53200939605324737        2.0835686002969096     
  0.38469668298399340        3.3925315755857777     
  0.67277800612716587        7.3416613551249252     
  0.49378025961819583        4.0300855105848274     
  0.11778025397875258        2.3265313343471377     
   2.9634487546120636E-002 -0.22897191366318670     
  0.24795477131222388        1.9177674199776060     
  0.26940031739935499        4.3188189965139987     
  0.81860908165801050        8.2541309222203427     
   2.8860410493932287E-002  -1.3349339967622471     
  0.73845616005601333        4.8004022728735141     
  0.83452822955757300        10.805413593042992     
  0.17408710890167511      -0.86799321964879073     
  0.79460069365443786        8.6371074172335121     
  0.56408362036672444        4.7377120320500028     
  0.49513466228328151        3.0343156730456182     
  0.49814079741764217        5.4407300980852487     
  0.25130943413812878        1.1577520315963268     
  0.43160772575618145        5.1950312958082785     
  0.16851901075062881       -8.1983879160240580E-002
  0.32645708298303722       0.54058249530970559     
   1.6766437537712564E-002  -3.4476642129865867     
  0.18344519371682866        3.5938607875456274E-002
  0.45010206032394884        3.9787240112481186     
  0.96738735835754730        11.041833392636965     
  0.22076881849070473      -0.70052423886888526     
  0.42057732702635164        3.7185849836232241     
  0.67672648711435113        7.7340491696053562     
  0.24935067858707838        1.4656122128220961     
  0.78096380159558065        6.7322680201876297     
  0.82971954921749358        18.143695311392971     
  0.16176118690442154        6.9303322863445885E-002
  0.92060323007621458        10.502547286336000     
  0.19147159188773155       -1.0030113446733431     
  0.79762682967974030        8.5495737203594793     
  0.98395224578163965        11.694743874426482     
  0.88419325790846282        7.8171874115362803     
  0.69795406057979081        7.6635257884164449     
  0.80498595761062275        5.7080022958639169     
  0.81175043510998868        6.5714765847007213     
  0.38421072966353220        3.3984940729917268     
  0.63688812080302704        5.8615385449540671     
  0.23695304695478758        1.4557242289984740     
  0.80055333774675708        8.2502317492006298     
  0.71051529621401799        5.0956059487536107     
   5.3563764721127338E-003   6.0267838341941493     
  0.21923234642287770       0.56913863260740638     
  0.89927150829393976        10.087399223653293     
  0.59880555081936981        6.0133798116278170     
  0.40816459622032153        4.0374336676449420     
  0.10029444474833826        1.3554254081021726     
  0.10524312480597475      -0.85535167483900054     
  0.57300547337331709        5.6481431584242117     
  0.23863963285442680        1.1767736397235380     
  0.65030581094116036        5.1092089746080882     
  0.90191648497224008        9.8272698667864713     
  0.47022442414127630        25.903246675301265     
  0.57599474487935709        6.9480917264518229     
  0.75889597173428613        9.1572572644314931     
  0.41263929855063386        3.1063548854379261     
  0.99877999416411867        11.077056116864149     
  0.55981729627029708       -1.2017519285491218E-002
  0.21515243480242896       -5.4971800174156926E-002
   7.5117080413367732E-002   1.5187475241279165     
  0.15396027417579716       0.33206702454250764     
  0.45841919543041654       -3.6771065253696289     
  0.89376591168584141        9.5588655030267375     
  0.61868970303187798        2.3905964355110454     
  0.63866304528441054        5.0507154399933913     
  0.91518030469842959        9.1804214653595348     
  0.36145269976449645        5.6717901776964421     
  0.91439678672619151        9.9958228845405745     
  0.15235755063863432      -0.99691027640099450     
  0.97454934243366909        9.7015671427616663     
  0.41496401173724251        7.3464182911652927     
  0.74183021134778759        10.818805787267189     
   3.0416027748319419E-002  -2.3284498657516943     
  0.48526602982086964        1.7779157214066146     
  0.91158701076612880        9.4447040662638013     
  0.90245164415817336        9.4609058336731220     
  0.92015508256573242        8.7560090738177347     
  0.52008158621268552        1.9395564992902963     
  0.73537846347071056        7.7064723295878101     
  0.82649323980400868        10.223210194339796     
  0.70358382974638278        7.7279361254701433     
  0.67386340691533408        7.3564902523567879     
   7.6571660640928352E-002  -5.9420965662000444     
  0.46783969660745772        5.7046298479737523     
  0.99276856938165692        10.468397695464217     
  0.58451579702259993       -8.7364175869583001     
  0.56383469857772539        5.3231318707745015     
  0.58504925005167530        4.9462653752926000     
  0.38560540345895844        2.4681327399140560     
  0.81346485291414294        7.9694042322571867     
  0.41747666617848889        3.2950100805871729     
  0.33361512220171585        3.0564677817490025     
  0.53555305978442480       0.20453058553427983     
  0.92741064991545796        9.7097905210635034     
  0.74427504087308261        42.030134805161794     
  0.29483314057019738       0.81922970090228198     
  0.56969374546110596        4.9221226483405953     
  0.31041815479646584        3.8824466528601604     
  0.46948441609874181        3.2173409381541380     
  0.15385786151500180       0.89728358098943384     
  0.59698835377954973        4.1321870808202990     
  0.38735079196370137        2.5531190810650992     
  0.19012534354448096      -0.79881567932013731     
  0.10051178774481462       -2.0197832071155144     
   7.4314978928934350E-003  -1.3367034298670710     
  0.41802447338226489        3.5564741080635836     
  0.57239939177428134        7.2885602214446568     
  0.50922768946107644        4.1444847861383085     
  0.69145700548284028        14.207762030654683     
  0.63434402082631380        9.7976373577113076     
  0.97142401002522261        10.874760666053739     
  0.97087801909329208        9.2194163128036006     
  0.73469484927814011        7.7955369071972216     
  0.92616589004661487        16.087266470175948     
   6.5003217637042976E-002  -2.4201034547074816     
  0.21019889803081637        1.1193830294606233     
  0.25697650824904361       0.13904879447825036     
  0.68728550715732506        5.3264102491128744     
  0.73939150074905313        9.5271750338981747     
  0.52930764768045835        6.1706937149014820     
  0.57367211601654089        7.1726392248080417     
  0.62490805449226472        7.5728086039729741     
  0.18059691422401569        1.6925892869248127     
  0.62358675783624185        5.0936591458220493     
  0.31563959948389453       -4.0000404668921856     
  0.67681101074181094        7.2357886131599498     
  0.50360382444981899        4.7665816075800240     
  0.20968855914354434        2.2848271911786400E-002
  0.24710561706217760       0.80911762943324428     
  0.44202012218165043        3.6043142044335097     
  0.59549168985071954        8.2837241256314371     
  0.68493851834000852        4.6587000145354232     
  0.68653764026383979        7.6051760899998984     
  0.50156596019359967        6.2868667491168742     
  0.96469163092230348        10.281048447429681     
  0.19762746176601231        3.8828626569065170     
  0.61738317616548655        19.408401372256659     
  0.91617852905889519        89.016660298932138     
  0.83037663811486406        10.763197369644477     
  0.41634072082366380        3.9916449105394500     
   2.4061837507355022E-002  0.93876643533521964     
  0.90332170432208536        10.430770843559303     
   3.4353277035302998E-002  -2.0972859969457320     
  0.48512934315467449        3.1066382457905570     
  0.13089526656909800        1.1314058927024757     
  0.16399499008399965       -5.7043051378113607E-002
  0.65305288402047545        11.108969605969850     
  0.40077767956563493        3.9253653227053231     
   6.5207328215966753E-002  -1.7631170479471656     
  0.24824485774992466       -1.4337996022406942     
  0.64175480635613680        2.7085648739752726     
  0.62879276773189718        5.5089928569550821     
  0.24918217461226133        1.9375105698463155     
  0.13097660857853755       -1.4120396762985012     
  0.17990232007974005      -0.16137499992831439     
  0.61665206787319393        6.5036930170682927     
  0.40683474184268686        3.4096658961567159     
  0.80224993782514853        13.489535307380933     
  0.20906430458804681        1.5851856922534306     
   9.5520392874774540E-002 -0.79529352979437473     
  0.34052858331455715        2.2676681049109568     
  0.90100177292346895        12.246897442836474     
   8.0870265712649991E-002  -3.7881703351797475     
  0.67845471030170312        6.7444569783611170     
  0.50015792105461832        16.088141043890495     
  0.90445635632612020        9.4376504608327103     
   6.2483371852924297E-002  0.37574312157432832     
  0.72312169566465134        8.4319368509860624     
  0.33309244487156031        1.6252163168366063     
  0.59069418058353929        19.889252680564670     
   6.1446197264343083E-002  -1.0376278240712391     
   4.4949636076385135E-002  0.47225950102921166     
  0.58175241169850389        10.101414406334397     
  0.43239438258833984        4.3406595301703685     
